Some((
    red: 0.5137255,
    green: 0.65098035,
    blue: 0.9490196,
))