Some((
    red: 0.1607233,
    green: 0.16819477,
    blue: 0.23543811,
    alpha: 1.0,
))